100
5
1 2 3 4 5
3
3 5 6
2
5 6
2
5 5
15
590091 716409 967130 471000 534977 829290 72185 264621 186151 352713 355011 632052 396621 858422 783149
15
572443 795792 846303 459942 130359 200942 716853 847945 660949 48455 12401 941006 614172 770621 824084
13
8695 699561 331725 34847 333610 173179 241966 743599 313543 994223 545172 158718 260764
15
768991 596018 639292 126642 297384 759709 235904 86118 86773 60501 134673 849980 284688 632826 145184
2
860173 488273
10
791865 167706 154714 594975 794206 715954 128393 43823 474346 817255
15
615629 840206 409773 928486 775043 99916 415689 511727 517433 340718 497016 379758 516620 455921 495453
14
623258 979452 898054 279599 986289 556012 257443 665428 440495 490492 155783 809658 921782 919294
7
638768 585990 949165 943149 76074 469178 816557
10
578950 271865 227590 953433 968113 229774 226205 575949 425716 99771
9
9116 5850 458 3165 5328 6478 9570 9293 4991
13
2294 3332 756 4529 812 72 3768 1116 4020 3597 1242 7050 478
9
7455 5844 744 5158 4110 3588 3748 5541 9414
15
3349 1200 1632 4136 2423 5195 8236 88 6763 9123 495 4538 3141 1877 40
15
7852 7268 4131 3831 3437 3410 5439 5724 3698 3706 183 3165 5755 3006 6872
15
2441 5355 3724 3870 6569 2070 2354 2860 7778 9637 9882 4522 172 6998 6236
15
4985 3345 9121 7179 4579 5900 434 2043 2214 2790 3389 8575 8553 9815 2059
4
1615 1200 2292 2571
10
10 287 2654 4361 4284 3575 7711 8236 9205 6863
14
4932 8984 3771 442 416 3881 3358 8406 2246 4193 2872 7752 9971 14136
5
6242 6159 199 7974 8076
14
1037 279 9745 9931 3842 5176 396 2512 4447 3428 2995 9616 7607 7339
4
4554 8132 8812 11362
12
7105 4498 3932 7233 4053 8303 9157 5977 6043 7105 473 7331
12
8382 7679 9365 8484 6793 3382 8619 1604 3603 6416 9376 15107
9
9058 1334 9681 4054 4013 5977 3034 2003 3656
7
6587 8531 3089 328 4513 6815 16015
3
6627 5063 2596
7
4387 9040 1880 9492 6558 4504 6201
13
7781 897 9025 2958 2508 5785 9948 242 3060 1948 1464 8506 9331
4
4288 4321 1583 1550
11
6202 9677 9355 8597 507 2189 9597 6206 5903 958 4484
3
6790 6809 31
9
3758 2725 7741 3326 2703 6282 7481 1604 8112
4
3649 6082 6894 877
11
8786 6157 9025 2368 6672 2378 320 4260 8595 3337 15994
12
8733 3959 7031 572 8865 359 4453 4595 9967 9659 4721 1620
15
674 7705 807 1896 4714 1735 1314 2853 97 4166 891 9102 7909 5787 15090
7
2008 613 1210 597 3009 8970 1618
9
2725 8656 3192 8612 9695 963 8365 6561 6585
10
7580 8978 9547 3266 4043 3871 8334 6463 6667 13417
10
7836 9411 6481 9390 81 1514 6185 4596 8096 5222
4
6752 2105 4479 806
2
6191 8399
14
2045 5494 3550 9123 9513 872 3289 1132 9258 5045 4369 6481 2238 9571
5
3872 2109 1047 2212 4714
13
7545 7465 3588 9104 6545 6053 7857 1039 1902 585 2390 3324 14787
8
3160 5387 7071 4117 8325 1665 4013 15216
4
4502 1829 2743 7172
15
4456 8098 9915 9898 6488 773 6249 309 2373 5940 5366 1121 3838 4507 9061
5
8987 1084 4003 4105 2444
12
6092 6717 7504 2532 6161 9622 7172 8949 8233 663 397 14592
11
6869 2763 7867 7275 9311 4324 3667 5614 4998 6749 13331
12
1084 1511 7067 1944 4442 2258 4911 3098 4249 2167 7464 9488
8
8533 6282 1671 1349 1725 8281 2375 6235
13
2658 7564 8867 7322 9650 6457 1594 1472 9786 4862 1757 8506 1413
13
6195 2086 9757 9156 1186 4653 9227 9074 4479 9356 2642 2164 9601
3
1090 2940 3902
10
8790 986 1540 880 8154 8122 6421 9905 7884 1520
4
5218 3343 8844 15329
9
6697 7345 6457 7463 3034 1083 1922 7432 6125
13
692 7624 1359 158 2091 1263 5594 9111 7083 9800 8466 8592 6436
3
1699 8065 6434
4
916 8340 5670 6936
13
6771 8218 7903 1967 6229 7705 5884 5250 8456 3925 5602 9431 5706
3
2396 3590 1882
3
6677 3114 5695
12
6830 1960 8314 4651 2922 5722 4810 8593 338 1526 8398 5967
12
6836 7166 5696 9163 6389 2861 6781 9944 1745 175 8823 16309
11
1274 3559 3156 641 2833 1995 5835 5548 5851 5191 316
3
9355 5064 14147
8
7646 9740 7303 223 7829 5061 5049 14691
7
2752 5678 5821 7970 5664 2969 2248
3
8176 4270 3934
11
6750 8620 7035 9964 9942 4124 4598 8467 6977 8279 15196
6
9382 1987 120 2533 5007 14711
8
433 6187 5194 416 5994 3685 10 5493
7
7877 5917 919 1945 4542 4192 3080
5
8357 1256 9284 3345 3352
14
7745 3774 7450 416 5868 47 2570 7362 4465 2683 5543 9985 8069 14951
10
5795 1380 353 8943 6627 6930 3196 8573 9532 14981
3
1884 8943 9651
8
961 632 5559 1340 8029 5074 203 7542
5
7461 7000 7143 860 7878
3
7905 1108 6837
7
2299 7932 3089 3293 9729 6300 4228
6
6418 3094 3507 1341 9338 14832
10
19 5547 6100 9091 7173 709 1880 2964 8405 4918
7
3986 9780 2825 5118 8855 7220 4082
10
1412 2925 4267 1537 8418 4512 6443 5875 8363 3767
6
3392 5309 2046 9981 9920 4400
9
7 301 2220 9403 2534 4439 9238 9185 12923
11
9206 6361 8205 8863 2517 391 9262 7563 2416 1996 1782
10
1863 911 4591 1697 7544 9445 7276 6808 3281 8254
15
1740 6599 2332 86 7152 7853 2664 9812 994 397 6764 1379 6018 3361 6371
9
9816 2359 7104 273 5929 5824 5523 6568 14444
